version https://git-lfs.github.com/spec/v1
oid sha256:8152fef5c5b498cd895ad2d252b45c43d5b46484e93596a64f53c4597327a7c9
size 3103720
